4.6
4.1
3.4
4.7
4.0
3.1
4.5
4.2
3.6
4.8
3.8
3.2
4.3
4.4
3.5
4.9
3.7
3.0
4.7
4.0
3.3
4.8
4.1
3.4
4.6
4.3
3.6
4.9
3.8
3.1
4.5
4.2
3.5
4.7
3.9
3.2
4.4
4.1
3.3
4.8
4.0
3.1
4.5
4.3
3.6
4.9
3.8
3.0
4.7
4.0
3.3
4.8
4.1
3.4
4.6
4.3
3.6
4.9
3.8
3.1
4.5
4.2
3.5
4.7
3.9
3.2
4.4
4.1
3.3
4.8
4.0
3.1
4.5
4.3
3.6
4.9
3.8
3.0
4.7
4.0
3.3
4.8
4.1
3.4
4.6
4.3
3.6
4.9
3.8
3.1
4.5
4.2
3.5
4.7
3.9
3.2
4.4
4.1
3.3
4.8
4.0
3.1
4.5
4.3
3.6
4.9
3.8
3.0
4.7
4.0
3.3
4.8
4.1
3.4
4.6
4.3
3.6
4.9
3.8
3.1
4.5
4.2
3.5
4.7
3.9
3.2
4.4
4.1
3.3
4.8
4.0
3.1
4.5
4.3
3.6
4.9
3.8
3.0
4.7
4.0
3.3
4.8
4.1
3.4
4.5
4.3
3.6
4.9
3.8
3.0
4.7
4.0
3.3
4.8
4.1
3.4
4.6
4.3
3.6
4.9
3.8
3.1
4.5
4.2
3.5
4.7
3.9
3.2
4.4
4.1
3.3
4.8
4.0
3.4
4.5
4.3
3.6
4.9
3.8
3.0
4.7
4.0
3.3
4.8
4.1
3.4
4.5
4.3
3.6
4.9
3.8
3.1
4.5
4.2
3.5
4.7
3.9
3.2
4.4
4.1
4.6
4.0
3.3
4.8
4.2
3.5
4.7
3.9
3.2
4.5
4.0
3.3
4.8
4.1
3.4
4.5
4.3
3.6
4.9
3.8
3.0
4.7
4.0
3.3
4.8
4.1
3.4
4.5
4.3
3.6
4.9
3.8
3.1
4.5
4.2
3.5
4.7
3.9
3.2
4.4
4.1
3.3
4.8
4.0
3.2
4.5
4.3
3.6
4.9
3.8
3.1
4.7
4.0
3.3
4.6
4.1
3.4
4.5
4.3
3.6
4.9
3.8
3.1
4.7
4.1
3.3
4.8
4.1
3.4
4.5
4.1
3.6
4.9
3.8
3.0
4.5
4.2
3.3
4.6
4.1
3.4
4.5
4.3
3.6
4.9
3.8
3.1
4.7
4.1
3.3
4.8
4.1
3.4
4.5
4.1
3.6
4.9
3.8
3.0
4.5
4.1
3.3
4.6
4.1
3.4
4.5
4.3
3.6
4.9
3.8
3.1
4.7
4.1
3.3
4.8
4.1
3.4
4.5
4.1
3.6
4.9
3.8
3.0
4.5
4.2
3.3
4.6
4.1
3.4
4.5
4.3
3.6
4.9
3.8
3.1
4.7
4.1
3.3
4.8
4.1
3.4
4.5
4.1
3.6
4.9
3.8
3.0
4.5
4.2
3.3
