1120.2
780.5
510.75
1480.3
720.4
440.8
1150.6
800.9
495.25
1520.1
690.3
470.5
1200.8
820.75
530.4
1360.2
700.6
450.9
1170.3
790.2
505.75
1470.5
710.4
430.8
1140.6
810.9
485.25
1500.1
670.3
460.5
1190.8
830.75
520.4
1370.2
690.6
440.9
1160.3
800.2
500.75
1460.5
700.4
420.8
1130.6
820.9
480.25
1490.1
680.3
470.5
1180.8
790.2
505.75
1470.5
710.4
430.8
1140.6
810.9
485.25
1500.1
670.3
460.5
1190.8
830.75
520.4
1370.2
690.6
440.9
1160.3
800.2
500.75
1460.5
700.4
420.8
1130.6
820.9
480.25
1490.1
680.3
470.5
1180.8
790.2
505.75
1470.5
710.4
430.8
1140.6
810.9
485.25
1500.1
670.3
460.5
1190.8
830.75
520.4
1370.2
690.6
440.9
1160.3
800.2
500.75
1460.5
700.4
420.8
1130.6
820.9
480.25
1490.1
680.3
470.5
1180.8
790.2
505.75
1470.5
710.4
430.8
1140.6
810.9
485.25
1500.1
670.3
460.5
1190.8
830.75
520.4
1370.2
690.6
440.9
1160.3
800.2
500.75
1460.5
700.4
420.8
1130.6
820.9
480.25
1490.1
680.3
470.5
1180.8
790.2
505.75
1470.5
710.4
430.8
1130.6
820.9
480.25
1490.1
680.3
470.5
1180.8
790.2
505.75
1470.5
710.4
430.8
1140.6
810.9
485.25
1500.1
670.3
460.5
1190.8
830.75
520.4
1370.2
690.6
440.9
1160.3
800.2
500.75
1460.5
700.4
430.8
1140.6
820.9
480.25
1490.1
680.3
470.5
1180.8
790.2
505.75
1470.5
710.4
430.8
1130.6
820.9
485.25
1500.1
670.3
460.5
1190.8
830.75
520.4
1370.2
690.6
440.9
1160.3
800.2
1420.8
730.4
450.6
1210.6
780.9
495.25
1390.2
670.6
460.9
1170.3
810.2
515.75
1450.5
690.4
420.8
1130.6
820.9
480.25
1490.1
680.3
470.5
1180.8
790.2
505.75
1470.5
710.4
430.8
1140.6
820.9
485.25
1500.1
670.3
460.5
1190.8
830.75
520.4
1370.2
690.6
440.9
1160.3
800.2
525.75
1460.5
720.4
440.8
1150.6
830.9
490.25
1480.1
690.3
480.5
1170.8
790.2
510.75
1440.5
700.4
410.8
1160.6
810.9
495.25
1490.1
660.3
430.5
1200.8
780.2
505.75
1460.5
710.4
450.8
1140.6
800.9
475.25
1480.1
660.3
470.5
1190.8
770.2
515.75
1450.5
710.4
430.8
1160.6
820.9
495.25
1490.1
660.3
440.5
1200.8
780.2
505.75
1460.5
710.4
450.8
1140.6
800.9
475.25
1480.1
660.3
470.5
1190.8
800.2
515.75
1450.5
710.4
430.8
1160.6
820.9
495.25
1490.1
660.3
440.5
1200.8
780.2
505.75
1460.5
710.4
450.8
1140.6
800.9
475.25
1480.1
660.3
470.5
1190.8
780.2
515.75
1450.5
710.4
430.8
1160.6
820.9
495.25
1490.1
660.3
440.5
1200.8
780.2
505.75
1460.5
710.4
450.8
1140.6
800.9
475.25
1480.1
660.3
470.5
1190.8
780.2
515.75
