25
18
42
12
55
22
28
14
40
9
34
20
21
15
38
11
48
25
29
16
41
13
54
23
27
13
39
10
33
19
20
14
37
10
47
24
22
17
40
12
53
21
26
12
38
9
32
18
19
15
39
13
54
23
27
13
39
10
33
19
20
14
37
10
47
24
22
17
40
12
53
21
26
12
38
9
32
18
19
15
39
13
54
23
27
13
39
10
33
19
20
14
37
10
47
24
22
17
40
12
53
21
26
12
38
9
32
18
19
15
39
13
54
23
27
13
39
10
33
19
20
14
37
10
47
24
22
17
40
12
53
21
26
12
38
9
32
18
19
15
39
13
54
23
26
12
38
9
32
18
19
15
39
13
54
23
27
13
39
10
33
19
20
14
37
10
47
24
22
17
40
12
53
23
27
12
38
9
32
18
19
15
39
13
54
23
26
13
39
10
33
19
20
14
37
10
47
24
22
17
11
50
21
18
16
35
9
46
25
21
14
38
12
52
24
26
13
39
9
32
18
19
15
39
13
54
23
27
13
39
10
33
19
20
14
37
10
47
24
22
17
40
11
55
25
28
14
40
10
34
20
21
15
41
12
56
26
29
14
41
10
35
21
22
16
42
13
57
24
30
17
42
11
36
22
23
18
43
12
58
27
31
15
43
10
37
23
24
16
44
13
59
28
32
17
44
12
38
22
25
18
45
13
60
29
33
16
45
11
39
24
25
17
46
14
61
30
34
19
46
12
40
26
27
18
47
14
62
31
35
20
47
11
41
28
28
19
48
15
63
32
36
20
48
13
42
27
28
21
49
