14
11
9
19
13
8
15
12
10
21
11
7
16
13
9
18
12
8
14
11
10
20
13
7
15
12
9
21
10
8
16
13
9
18
12
8
14
11
10
20
13
7
15
12
9
21
10
8
16
11
10
20
13
7
15
12
9
21
10
8
16
13
9
18
12
8
14
11
10
20
13
7
15
12
9
21
10
8
16
11
10
20
13
7
15
12
9
21
10
8
16
13
9
18
12
8
14
11
10
20
13
7
15
12
9
21
10
8
16
11
10
20
13
7
15
12
9
21
10
8
16
13
9
18
12
8
14
11
10
20
13
7
15
12
9
21
10
8
16
11
10
20
13
7
15
12
9
21
10
8
16
11
10
20
13
7
15
12
9
21
10
8
16
13
9
18
12
8
14
11
10
20
13
7
15
12
9
21
10
8
16
11
10
20
13
7
15
12
9
21
10
8
16
13
9
18
12
8
14
11
19
14
7
17
11
10
18
12
8
14
11
9
20
13
7
15
12
9
21
10
8
16
11
10
20
13
7
15
12
9
21
10
8
16
13
9
18
12
8
14
11
9
20
13
7
15
12
9
21
10
8
16
11
10
19
13
7
15
12
9
21
10
8
16
11
10
20
13
7
15
12
9
21
10
8
16
11
10
19
13
7
15
12
9
21
10
8
16
11
10
20
13
7
15
12
9
21
10
8
16
11
10
19
13
7
15
12
9
21
10
8
16
11
10
20
13
7
15
12
9
21
10
8
16
11
10
19
13
7
15
12
9
21
10
8
16
11
10
20
13
7
15
12
9
21
10
8
16
11
10
